1,1,0.4
1,2,0.2
1,3,0.3
1,4,4
1,5,0.5
1,11,0.002
2,1,0.35
2,2,0.12
2,3,0.06
2,4,2
2,5,0.2
2,16,0.5
2,17,0.1
3,1,0.07
3,2,0.3
3,3,0.15
3,4,5
3,13,0.1
4,7,0.5
4,4,3
4,2,0.2
5,1,0.4
5,3,0.2
5,4,4
5,8,0.1
6,1,0.05
6,3,0.03
6,4,1
6,5,0.05
7,1,0.1
7,2,0.08
7,3,0.05
8,2,0.1
8,8,0.03
8,14,0.05
9,7,0.4
9,6,0.3
9,10,0.05
10,1,0.35
10,3,0.25
10,4,3
10,8,0.08
11,2,0.2
11,4,4
12,1,0.06
12,2,0.12
12,3,0.02
12,4,2
12,5,0.1
12,18,100
13,1,0.025
13,2,0.03
13,3,0.04
13,4,1
13,8,0.01
13,13,0.025